favorite,retweet,tweet_id
2566,516,666020888022790149
129,47,666029285002620928
125,44,666033412701032449
299,141,666044226329800704
109,41,666049248165822465
133,58,666050758794694657
1223,852,666051853826850816
434,252,666055525042405380
298,142,666057090499244032
111,57,666058600524156928
475,219,666063827256086533
148,62,666071193221509120
322,164,666073100786774016
119,45,666082916733198337
164,74,666094000022159362
155,68,666099513787052032
80,13,666102155909144576
14339,6626,666104133288665088
103,35,666268910803644416
175,76,666273097616637952
149,66,666287406224695296
508,357,666293911632134144
199,91,666337882303524864
298,138,666345417576210432
221,73,666353288456101888
779,574,666362758909284353
189,93,666373753744588802
167,86,666396247373291520
110,41,666407126856765440
449,328,666411507551481857
126,47,666418789513326592
318,111,666421158376562688
165,84,666428276349472768
321,199,666430724426358785
166,54,666435652385423360
126,49,666437273139982337
105,21,666447344410484738
526,212,666454714377183233
234,84,666644823164719104
894,590,666649482315059201
190,48,666691418707132416
438,222,666701168228331520
240,66,666739327293083650
356,178,666776908487630848
395,203,666781792255496192
774,496,666786068205871104
244,94,666804364988780544
528,258,666817836334096384
258,98,666826780179869698
218,80,666835007768551424
834,566,666837028449972224
2600,1011,666983947667116034
248,97,666996132027977728
456,231,667012601033924608
189,51,667044094246576128
221,56,667062181243039745
169,49,667065535570550784
413,126,667073648344346624
340,130,667090893657276420
335,131,667119796878725120
4712,2293,667138269671505920
48841,17699,667152164079423490
262,65,667160273090932737
2746,1184,667165590075940865
227,93,667171260800061440
252,86,667174963120574464
624,473,667176164155375616
193,57,667177989038297088
14685,6423,667182792070062081
760,430,667188689915760640
395,109,667192066997374976
626,270,667200525029539841
500,249,667211855547486208
376,168,667369227918143488
199,58,667393430834667520
475,224,667405339315146752
310,85,667435689202614272
458,247,667437278097252352
804,603,667443425659232256
320,93,667453023279554560
194,65,667455448082227200
264,100,667470559035432960
547,235,667491009379606528
540,286,667495797102141441
544,227,667502640335572993
6949,2208,667509364010450944
377,198,667517642048163840
1745,1160,667524857454854144
487,253,667530908589760512
841,559,667534815156183040
209,69,667538891197542400
890,545,667544320556335104
341,130,667546741521195010
5957,2386,667549055577362432
0,33,667550882905632768
0,35,667550904950915073
500,332,667724302356258817
383,156,667728196545200128
457,227,667766675769573376
240,59,667773195014021121
423,253,667782464991965184
718,341,667793409583771648
338,98,667801013445750784
1085,520,667806454573760512
294,65,667832474953625600
250,81,667861340749471744
3086,1079,667866724293877760
649,425,667873844930215936
404,124,667878741721415682
844,508,667885044254572545
1954,1141,667886921285246976
871,390,667902449697558528
510,316,667911425562669056
217,58,667915453470232577
308,116,667924896115245057
1313,831,667937095915278337
685,253,668113020489474048
579,299,668142349051129856
511,329,668154635664932864
505,202,668171859951755264
670,204,668190681446379520
567,202,668204964695683073
526,209,668221241640230912
313,110,668226093875376128
6410,2982,668237644992782336
1023,510,668248472370458624
1347,649,668256321989451776
573,247,668268907921326080
851,239,668274247790391296
520,143,668286279830867968
257,34,668291999406125056
639,313,668297328638447616
916,543,668466899341221888
479,155,668480044826800133
441,248,668484198282485761
423,139,668496999348633600
334,113,668507509523615744
479,236,668528771708952576
257,78,668537837512433665
478,225,668542336805281792
538,239,668544745690562560
253,61,668567822092664832
629,331,668614819948453888
213,45,668620235289837568
1501,819,668623201287675904
407,140,668625577880875008
329,118,668627278264475648
743,336,668631377374486528
2921,1734,668633411083464705
1081,510,668636665813057536
1115,561,668641109086707712
918,557,668643542311546881
930,569,668645506898350081
547,229,668655139528511488
727,392,668779399630725120
589,285,668815180734689280
453,146,668826086256599040
468,174,668852170888998912
547,313,668872652652679168
410,160,668892474547511297
329,106,668902994700836864
277,60,668932921458302977
290,74,668955713004314625
732,249,668960084974809088
1355,616,668975677807423489
820,372,668979806671884288
560,322,668981893510119424
570,176,668986018524233728
932,499,668988183816871936
702,343,668989615043424256
773,366,668992363537309700
456,246,668994913074286592
21563,6688,669000397445533696
594,262,669006782128353280
764,390,669015743032369152
678,326,669037058363662336
1043,501,669203728096960512
457,178,669214165781868544
1227,423,669216679721873412
511,215,669324657376567296
593,120,669327207240699904
1041,437,669328503091937280
456,197,669351434509529089
667,268,669353438988365824
2794,1336,669354382627049472
380,131,669359674819481600
646,242,669363888236994561
473,166,669367896104181761
513,189,669371483794317312
1379,763,669375718304980992
375,81,669393256313184256
398,130,669564461267722241
241,60,669567591774625800
1634,1058,669571471778410496
447,152,669573570759163904
1542,985,669583744538451968
526,159,669597912108789760
977,389,669603084620980224
3660,1903,669625907762618368
834,461,669661792646373376
690,302,669680153564442624
366,138,669682095984410625
406,116,669683899023405056
281,68,669749430875258880
838,424,669753178989142016
241,60,669923323644657664
388,111,669926384437997569
525,176,669942763794931712
312,64,669970042633789440
459,169,669972011175813120
336,88,669993076832759809
343,97,670003130994700288
607,296,670037189829525505
778,117,670040295598354432
668,186,670046952931721218
693,348,670055038660800512
791,364,670061506722140161
653,256,670069087419133954
1621,833,670073503555706880
2303,1322,670079681849372674
723,263,670086499208155136
1070,355,670093938074779648
734,299,670290420111441920
440,142,670303360680108032
3985,1300,670319130621435904
443,118,670338931251150849
336,70,670361874861563904
764,283,670374371102445568
580,225,670385711116361728
448,165,670403879788544000
576,235,670408998013820928
2111,951,670411370698022913
585,340,670417414769758208
652,331,670420569653809152
1358,675,670421925039075328
537,173,670427002554466305
1437,669,670428280563085312
334,120,670433248821026816
1454,682,670434127938719744
1087,552,670435821946826752
673,206,670442337873600512
6927,2077,670444955656130560
1231,705,670449342516494336
566,219,670452855871037440
1006,584,670465786746662913
363,89,670468609693655041
1582,805,670474236058800128
11108,5314,670668383499735048
260,45,670676092097810432
776,305,670679630144274432
609,255,670691627984359425
788,390,670704688707301377
1257,521,670717338665226240
862,386,670727704916926465
993,533,670733412878163972
464,120,670755717859713024
1112,446,670764103623966721
340,76,670778058496974848
804,300,670780561024270336
1624,821,670782429121134593
846,417,670783437142401025
624,211,670786190031921152
685,252,670789397210615808
864,292,670792680469889025
754,248,670797304698376195
351,92,670803562457407488
2042,1001,670804601705242624
1188,518,670807719151067136
1167,283,670811965569282048
3285,1636,670815497391357952
630,101,670822709593571328
802,199,670823764196741120
5771,4287,670826280409919488
759,230,670832455012716544
461,129,670833812859932673
1152,733,670838202509447168
616,205,670840546554966016
25420,9238,670842764863651840
1144,305,670995969505435648
1184,460,671109016219725825
1402,810,671115716440031232
3621,2663,671122204919246848
772,204,671134062904504320
962,424,671138694582165504
1210,687,671141549288370177
693,241,671147085991960577
693,160,671151324042559489
744,228,671154572044468225
388,85,671159727754231808
1716,1167,671163268581498880
901,374,671166507850801152
1159,360,671182547775299584
763,226,671186162933985280
1002,456,671347597085433856
494,118,671355857343524864
413,155,671357843010908160
1157,309,671362598324076544
1464,774,671390180817915904
786,243,671485057807351808
604,215,671486386088865792
1046,493,671488513339211776
951,471,671497587707535361
7295,3722,671504605491109889
1669,765,671511350426865664
976,306,671518598289059840
1445,558,671520732782923777
869,272,671528761649688577
1061,607,671533943490011136
1220,429,671536543010570240
956,416,671538301157904385
1130,596,671542985629241344
2063,1105,671544874165002241
1399,630,671547767500775424
13299,7640,671561002136281088
8828,4605,671729906628341761
1492,790,671735591348891648
760,239,671743150407421952
1392,811,671744970634719232
1744,972,671763349865160704
1233,551,671768281401958400
7305,3672,671789708968640512
948,478,671855973984772097
1163,525,671866342182637568
1292,582,671874878652489728
1472,726,671879137494245376
3587,1451,671882082306625538
1372,590,671891728106971137
8751,4369,671896809300709376
1340,541,672068090318987265
971,385,672082170312290304
1030,385,672095186491711488
2489,1204,672125275208069120
1807,762,672139350159835138
898,380,672160042234327040
1051,390,672169685991993344
2335,1216,672205392827572224
812,222,672222792075620352
1906,1060,672231046314901505
924,335,672239279297454080
708,163,672245253877968896
1785,636,672248013293752320
1476,778,672254177670729728
2914,1643,672256522047614977
1184,359,672264251789176834
1544,642,672267570918129665
6680,3575,672272411274932228
1402,569,672466075045466113
1484,738,672475084225949696
736,128,672481316919734272
1173,638,672482722825261057
1151,459,672488522314567680
668,180,672523490734551040
1061,391,672538107540070400
751,197,672591271085670400
979,349,672591762242805761
1369,636,672594978741354496
1151,428,672604026190569472
1150,409,672609152938721280
1267,618,672614745925664768
1338,520,672622327801233409
1006,340,672640509974827008
1297,513,672828477930868736
1359,604,672834301050937345
1063,390,672877615439593473
1605,875,672884426393653248
919,443,672898206762672129
1415,532,672902681409806336
1468,678,672964561327235073
1360,578,672968025906282496
988,375,672970152493887488
1745,969,672975131468300288
1871,1050,672980819271634944
1288,571,672984142909456390
1007,305,672988786805112832
987,314,672995267319328768
2033,759,672997845381865473
1765,664,673148804208660480
2338,895,673213039743795200
1466,768,673240798075449344
1099,392,673270968295534593
7788,3356,673295268553605120
895,280,673317986296586240
14008,8410,673320132811366400
1313,627,673342308415348736
1007,281,673343217010679808
2617,1362,673345638550134785
759,223,673350198937153538
1712,571,673352124999274496
1544,622,673355879178194945
1504,708,673359818736984064
1056,328,673363615379013632
1430,592,673576835670777856
858,281,673580926094458881
1232,391,673583129559498752
1646,769,673612854080196609
1160,394,673636718965334016
740,256,673656262056419329
1296,382,673662677122719744
1420,492,673680198160809984
1498,462,673686845050527744
1310,524,673688752737402881
1805,687,673689733134946305
3947,2080,673697980713705472
1489,604,673700254269775872
1301,419,673705679337693185
1138,416,673707060090052608
1112,307,673708611235921920
880,293,673709992831262724
1076,315,673711475735838725
3682,2223,673715861853720576
969,266,673887867907739649
3309,1731,673906403526995968
1207,387,673919437611909120
2026,1027,673956914389192708
1240,373,674008982932058114
1627,689,674014384960745472
1174,319,674019345211760640
1863,1303,674024893172875264
872,232,674036086168010753
1140,434,674038233588723717
746,136,674042553264685056
1468,681,674045139690631169
1505,509,674051556661161984
3461,1388,674053186244734976
6613,2371,674063288070742018
1014,304,674075285688614912
779,180,674082852460433408
1523,598,674255168825880576
1349,488,674262580978937856
1702,898,674265582246694913
930,242,674269164442398721
1631,772,674271431610523648
15364,6300,674291837063053312
1469,551,674318007229923329
879,328,674372068062928900
1556,611,674394782723014656
1244,497,674410619106390016
707,148,674416750885273600
1482,564,674422304705744896
1156,419,674436901579923456
1101,380,674447403907457024
6482,2201,674468880899788800
1556,612,674632714662858753
1738,621,674638615994089473
1070,293,674644256330530816
1492,534,674646392044941312
959,270,674664755118911488
1683,693,674670581682434048
1192,498,674690135443775488
669,99,674737130913071104
1165,420,674739953134403584
1459,585,674743008475090944
1526,495,674752233200820224
1417,479,674754018082705410
820,255,674764817387900928
1915,855,674767892831932416
1180,510,674774481756377088
2096,1290,674781762103414784
842,221,674788554665512960
1146,270,674790488185167872
2615,1169,674793399141146624
3135,920,674800520222154752
896,379,674805413498527744
2348,1184,674999807681908736
1615,504,675003128568291329
1017,242,675006312288268288
2824,1279,675015141583413248
1106,351,675047298674663426
2911,1209,675109292475830276
1004,269,675111688094527488
2043,836,675113801096802304
1354,528,675135153782571009
2231,965,675145476954566656
1245,332,675146535592706048
984,258,675147105808306176
3906,1802,675149409102012420
6586,2797,675153376133427200
3782,1734,675166823650848770
2909,1384,675334060156301312
4118,2428,675349384339542016
34304,18384,675354435921575936
1097,245,675362609739206656
1791,543,675372240448454658
1589,608,675432746517426176
1932,1042,675483430902214656
1355,639,675489971617296384
3290,1392,675497103322386432
17968,6241,675501075957489664
1373,489,675517828909424640
1084,307,675522403582218240
1236,413,675531475945709568
1898,450,675534494439489536
672,103,675706639471788032
2086,743,675707330206547968
1984,894,675710890956750848
1215,372,675740360753160193
1690,511,675781562965868544
10773,3642,675798442703122432
1097,247,675820929667219457
1600,572,675822767435051008
2395,960,675845657354215424
2827,1401,675853064436391936
1725,610,675870721063669760
4396,1513,675878199931371520
2498,1036,675888385639251968
2233,943,675891555769696257
1717,622,675898130735476737
1375,462,676089483918516224
3171,1553,676098748976615425
2948,1246,676101918813499392
2013,720,676146341966438401
2394,1107,676191832485810177
1829,634,676215927814406144
78913,33567,676219687039057920
1282,318,676237365392908289
2179,588,676263575653122048
1467,373,676430933382295552
1807,725,676440007570247681
12245,5048,676470639084101634
1593,576,676496375194980353
1979,600,676533798876651520
2722,1213,676575501977128964
1268,305,676582956622721024
2461,864,676588346097852417
1231,422,676603393314578432
1981,474,676606785097199616
1146,209,676613908052996102
3053,1064,676617503762681856
5259,2173,676776431406465024
1495,457,676811746707918848
1898,718,676819651066732545
24351,16912,676821958043033607
2220,779,676864501615042560
2372,785,676897532954456065
13423,5321,676936541936185344
2195,826,676942428000112642
1792,409,676946864479084545
2296,945,676948236477857792
1368,428,676949632774234114
2324,876,676957860086095872
2931,1159,676975532580409345
2882,995,677187300187611136
3739,1769,677228873407442944
2096,764,677269281705472000
1315,448,677301033169788928
1740,586,677314812125323265
3839,1627,677328882937298944
1147,257,677331501395156992
1432,320,677334615166730240
1126,243,677530072887205888
7339,3942,677547928504967168
2572,1265,677557565589463040
1359,494,677565715327688705
2261,794,677573743309385728
1987,866,677644091929329666
2065,1059,677662372920729601
3532,1624,677673981332312066
2615,913,677687604918272002
1291,347,677698403548192770
3583,1561,677700003327029250
3227,1058,677716515794329600
5115,2299,677895101218201600
1430,444,677918531514703872
14574,6915,678021115718029313
1678,405,678255464182861824
12175,6607,678278586130948096
1376,291,678334497360859136
1830,587,678341075375947776
2577,985,678380236862578688
1979,458,678389028614488064
1685,456,678396796259975168
61538,30103,678399652199309312
4502,1987,678410210315247616
5755,2775,678424312106393600
4242,1717,678446151570427904
2173,467,678643457146150913
3047,1622,678675843183484930
3984,1861,678740035362037760
7594,3615,678755239630127104
1735,523,678764513869611008
3749,1492,678767140346941444
2956,1005,678774928607469569
3706,1297,678798276842360832
2733,982,678800283649069056
1742,503,678969228704284672
2474,1280,678991772295516161
2392,747,679047485189439488
18184,8966,679062614270468097
6346,2795,679111216690831360
3152,1268,679132435750195208
2947,1120,679148763231985668
22882,8856,679158373988876288
33827,20572,679462823135686656
2231,699,679475951516934144
3360,1615,679503373272485890
3592,1399,679511351870550016
2817,797,679527802031484928
5064,2262,679530280114372609
1763,516,679722016581222400
2301,902,679729593985699840
2224,874,679736210798047232
3286,1221,679777920601223168
38599,15316,679828447187857408
2522,850,679844490799091713
3056,1351,679854723806179328
2621,682,679862121895714818
2091,703,679877062409191424
17773,7792,680055455951884288
2728,960,680070545539371008
13615,9720,680085611152338944
3799,1496,680100725817409536
2886,997,680115823365742593
2442,1039,680130881361686529
3848,1901,680145970311643136
2464,799,680161097740095489
4156,1706,680176173301628928
2287,557,680191257256136705
3011,1283,680206703334408192
1551,316,680221482581123072
1546,552,680440374763077632
2701,813,680473011644985345
1824,526,680494726643068929
4510,2086,680497766108381184
3839,1466,680583894916304897
2806,781,680609293079592961
3044,1140,680798457301471234
2523,901,680801747103793152
3673,1456,680836378243002368
1879,399,680889648562991104
2550,677,680913438424612864
2208,481,680934982542561280
3437,1158,680940246314430465
4846,2170,680959110691590145
2586,724,680970795137544192
3953,1628,681193455364796417
2547,528,681231109724700672
1592,594,681242418453299201
1550,299,681261549936340994
3426,1206,681281657291280384
3397,1048,681297372102656000
4212,2004,681302363064414209
2830,832,681320187870711809
9902,4440,681339448655802368
15282,6381,681523177663676416
3785,1436,681579835668455424
2038,517,681610798867845120
2812,1015,681654059175129088
1871,488,681679526984871937
13633,4429,681694085539872773
2636,909,681891461017812993
2959,1128,681981167097122816
3360,1669,682003177596559360
7018,2208,682032003584274432
3423,1057,682047327939461121
5291,1855,682059653698686977
3468,1296,682242692827447297
4449,1337,682259524040966145
3284,1090,682303737705140231
1781,511,682389078323662849
2379,747,682393905736888321
8090,1934,682406705142087680
3656,1270,682429480204398592
2191,656,682638830361513985
3252,1174,682662431982772225
1401,393,682697186228989953
1624,479,682750546109968385
2635,1224,682788441537560576
39558,18309,682962037429899265
2299,803,683030066213818368
2116,616,683078886620553216
2308,716,683098815881154561
3627,995,683111407806746624
3069,1143,683142553609318400
3141,1031,683357973142474752
8123,2610,683391852557561860
4154,1759,683449695444799489
2595,731,683462770029932544
2806,1087,683481228088049664
3374,1050,683498322573824003
6953,3647,683742671509258241
3574,1484,683773439333797890
2981,1156,683828599284170753
2798,1209,683834909291606017
2803,1073,683849932751646720
2053,384,683852578183077888
4053,1222,683857920510050305
4384,1572,684097758874210310
2124,520,684122891630342144
2153,737,684177701129875456
3715,1287,684188786104872960
2044,567,684195085588783105
2320,1129,684200372118904832
4104,1517,684222868335505415
1321,231,684225744407494656
8711,3608,684241637099323392
2112,609,684460069371654144
4128,1279,684481074559381504
2824,1054,684538444857667585
3213,1351,684567543613382656
9549,3870,684594889858887680
2894,1087,684800227459624960
2242,903,684880619965411328
2000,583,684902183876321280
3734,1601,684914660081053696
3747,518,684926975086034944
3438,1148,684940049151070208
7128,3422,684959798585110529
4375,1563,685169283572338688
2481,733,685198997565345792
3317,1328,685268753634967552
2206,482,685307451701334016
3569,1180,685315239903100929
2827,709,685321586178670592
10140,4380,685325112850124800
3252,1262,685532292383666176
35213,17163,685547936038666240
3126,850,685641971164143616
3467,1602,685663452032069632
2496,631,685667379192414208
8045,3184,685906723014619143
1746,670,685943807276412928
2257,586,685973236358713344
1941,700,686003207160610816
2635,458,686007916130873345
3326,1280,686034024800862208
2357,806,686050296934563840
2344,750,686358356425093120
2364,617,686377065986265092
3472,968,686386521809772549
2014,591,686606069955735556
3929,1488,686618349602762752
2996,881,686683045143953408
4435,1309,686730991906516992
3703,1600,686749460672679938
9193,3472,686947101016735744
2395,668,687096057537363968
2491,1083,687102708889812993
6191,2703,687109925361856513
2312,556,687124485711986689
5829,2507,687127927494963200
4643,2084,687312378585812992
21484,10025,687317306314240000
2180,591,687460506001633280
2108,590,687476254459715584
1703,272,687480748861947905
2047,629,687494652870668288
2071,563,687664829264453632
2602,924,687704180304273409
2547,765,687807801670897665
2674,1041,687818504314159109
2916,1244,687826841265172480
1832,392,688064179421470721
3011,857,688116655151435777
2260,645,688179443353796608
2373,915,688211956440801280
9938,4866,688385280030670848
2463,798,688519176466644993
2782,769,688547210804498433
2365,728,688789766343622656
1020,215,688804835492233216
1471,404,688828561667567616
2380,766,688894073864884227
2242,861,688898160958271489
2264,844,688908934925697024
2912,952,688916208532455424
2165,563,689143371370250240
3265,1100,689154315265683456
1237,268,689275259254616065
2133,787,689280876073582592
3511,1208,689283819090870273
2401,1012,689289219123089408
3622,1565,689517482558820352
2195,505,689557536375177216
12426,6038,689599056876867584
2389,713,689623661272240129
11100,4259,689659372465688576
3413,1012,689661964914655233
2312,822,689835978131935233
3221,1299,689877686181715968
2591,758,689905486972461056
1455,486,689977555533848577
1525,411,689999384604450816
3906,1848,690005060500217858
2679,807,690015576308211712
2987,1129,690021994562220032
1800,451,690248561355657216
2837,972,690360449368465409
3477,943,690374419777196032
1992,493,690400367696297985
2100,657,690597161306841088
1397,306,690649993829576704
2485,863,690690673629138944
2312,569,690728923253055490
4032,1397,690735892932222976
3506,1113,690932576555528194
4418,2180,690938899477221376
3812,1375,690959652130045952
1821,370,691090071332753408
3164,977,691096613310316544
2754,719,691321916024623104
20661,8348,691416866452082688
2829,929,691444869282295808
4336,1251,691459709405118465
2526,623,691483041324204033
2075,556,691675652215414786
3084,1118,691756958957883396
4211,1800,691820333922455552
1966,509,703774238772166656
4080,1636,726887082820554753
2765,788,702932127499816960
28187,13690,703041949650034688
7875,3375,703079050210877440
2106,608,703268521220972544
2034,422,703356393781329922
3739,1245,703382836347330562
2629,761,703407252292673536
4056,1507,703425003149250560
4121,1659,703611486317502464
2771,751,703631701117943808
3512,1238,703769065844768768
3118,1000,704054845121142784
1980,613,704113298707505153
1690,386,704347321748819968
8573,3872,704364645503647744
3629,1153,704480331685040129
3131,1087,704499785726889984
7075,3162,704761120771465216
2825,1099,704819833553219584
5451,1679,704847917308362754
2405,595,704859558691414016
4542,1216,704871453724954624
2316,659,705066031337840642
2293,561,705102439679201280
2752,879,705223444686888960
3196,818,705239209544720384
4071,1847,705428427625635840
4746,1797,705442520700944385
3158,1004,705475953783398401
3379,1257,705591895322394625
2079,578,705786532653883392
2528,616,705898680587526145
3348,972,705970349788291072
3305,804,705975130514706432
5487,1756,706166467411222528
2902,999,706265994973601792
1811,511,706291001778950144
22855,8715,706310011488698368
3666,1001,706346369204748288
3301,1125,706516534877929472
3685,1537,706538006853918722
2296,685,706593038911545345
2746,1190,706644897839910912
3537,1054,706681918348251136
2206,656,706901761596989440
2448,648,707014260413456384
4325,1494,707021089608753152
2340,872,707038192327901184
2741,737,707059547140169728
2936,870,707297311098011648
2628,699,707315916783140866
3505,1172,707377100785885184
3729,1423,707387676719185920
2423,650,707411934438625280
2428,758,707420581654872064
18056,6993,707610948723478529
3645,1087,707693576495472641
2648,661,707741517457260545
3491,1030,707776935007539200
2869,1054,707969809498152960
3309,1220,707995814724026368
4642,2092,708026248782585858
2059,588,708109389455101952
2863,1063,708119489313951744
3606,913,708130923141795840
4544,1678,708149363256774660
2505,802,708349470027751425
3844,1464,708356463048204288
3273,891,708469915515297792
2712,739,708479650088034305
2717,793,708711088997666817
2914,885,708738143638450176
17563,7576,708810915978854401
1811,547,708834316713893888
3156,975,708845821941387268
5063,1790,709042156699303936
2180,453,709158332880297985
2563,695,709198395643068416
13412,6354,709207347839836162
2545,626,709225125749587968
2789,757,709409458133323776
2367,645,709449600415961088
1582,262,709519240576036864
3487,1159,709556954897764353
3758,1314,709566166965075968
3725,1296,709852847387627521
714,108,709901256215666688
3170,1164,709918798883774466
5844,2166,710117014656950272
2944,976,710140971284037632
3090,971,710153181850935296
2555,1224,710269109699739648
4813,1374,710272297844797440
2260,560,710283270106132480
4848,2043,710588934686908417
2456,614,710658690886586372
2862,585,710833117892898816
2706,746,710844581445812225
4837,1509,710997087345876993
3188,680,711008018775851008
3520,795,711306686208872448
3887,1235,711363825979756544
4115,996,711652651650457602
34913,19849,711694788429553666
9468,4490,711732680602345472
3016,1072,711743778164514816
8550,2512,711968124745228288
0,136,711998809858043904
2407,679,712065007010385924
3438,528,712085617388212225
3126,978,712092745624633345
4031,1126,712097430750289920
5654,1699,712438159032893441
4424,1320,712668654853337088
13138,5435,712717840512598017
19762,7309,712809025985978368
4745,1573,713175907180089344
7646,3084,713177543487135744
4690,1403,713411074226274305
5180,1493,713761197720473600
2998,808,713900603437621249
3476,845,713919462244790272
4567,1521,714141408463036416
2407,952,714214115368108032
3471,915,714251586676113411
3193,778,714258258790387713
3841,1011,714606013974974464
3475,1086,714631576617938945
4397,1541,714957620017307648
3990,1124,714982300363173890
4429,1341,715009755312439296
5442,2044,715200624753819648
2565,712,715220193576927233
3213,742,715342466308784130
5812,1707,715360349751484417
4592,1762,715680795826982913
4149,1403,715696743237730304
4958,1842,715733265223708672
3392,952,715928423106027520
5186,1889,716080869887381504
2954,1182,716285507865542656
2507,238,716439118184652801
5871,1509,716791146589110272
4530,1273,716802964044845056
3474,1063,717009362452090881
6649,2065,717047459982213120
3350,919,717421804990701568
6121,2000,717537687239008257
3079,1222,717790033953034240
2604,648,717841801130979328
4112,1086,718234618122661888
2047,544,718246886998687744
5181,1635,718454725339934721
2877,577,718460005985447936
2643,1097,718540630683709445
2600,525,718613305783398402
20107,8790,718631497683582976
5560,1911,718939241951195136
3704,1196,718971898235854848
3627,1037,719332531645071360
4686,1355,719339463458033665
2966,800,719367763014393856
5369,2104,719551379208073216
4852,1579,719704490224398336
5135,1907,719991154352222208
5206,2177,720043174954147842
4137,1230,720059472081784833
3051,1056,720340705894408192
6814,2745,720389942216527872
4378,1618,720415127506415616
2632,742,720775346191278080
3311,841,720785406564900865
2680,665,721001180231503872
4957,2043,721503162398597120
5260,1781,722613351520608256
4369,1708,722974582966214656
5636,2043,723179728551723008
3219,968,723673163800948736
8192,3237,723688335806480385
4126,1329,723912936180330496
4447,1726,724004602748780546
2830,606,724046343203856385
4606,1921,724049859469295616
5636,1792,724405726123311104
2514,693,724771698126512129
3940,1422,724983749226668032
5512,1938,725729321944506368
4425,1478,725786712245440512
7489,2878,725842289046749185
4694,1263,726224900189511680
3774,1094,726828223124897792
7320,2661,726935089318363137
4113,1489,727175381690781696
3232,890,727286334147182592
3527,812,727314416056803329
4757,1330,727524757080539137
6272,1905,727644517743104000
3121,692,727685679342333952
4360,1192,728015554473250816
4829,1823,728035342121635841
4582,1275,728046963732717569
3909,1040,728387165835677696
5241,2189,728409960103686147
3530,1137,728653952833728512
2969,739,728751179681943552
4967,1845,728760639972315136
3372,889,728986383096946689
2006,359,729113531270991872
6180,2503,729463711119904772
4246,1346,729823566028484608
1812,418,729838605770891264
4283,1219,729854734790754305
5196,2100,730196704625098752
4072,1147,730211855403241472
3689,1132,730427201120833536
5244,2347,730573383004487680
6524,2162,730924654643314689
4084,1386,731156023742988288
3713,1073,731285275100512256
15874,5948,732005617171337216
8599,2741,732375214819057664
3927,840,732585889486888962
3757,961,732726085725589504
2599,583,732732193018155009
45270,17273,733109485275860992
4477,1397,733460102733135873
3349,1035,733482008106668032
3912,1099,733822306246479872
3828,848,733828123016450049
2668,588,734776360183431168
13379,6862,734787690684657664
2917,561,734912297295085568
3335,1052,735137028879360001
3580,965,735256018284875776
13857,5537,735274964362878976
6601,2579,735635087207878657
4283,1192,735648611367784448
3836,1255,735991953473572864
8430,3246,736010884653420544
8670,3013,736225175608430592
4263,1362,736365877722001409
4609,1896,736736130620620800
15659,8081,737310737551491075
3848,880,737322739594330112
11006,4867,737445876994609152
5382,1459,737678689543020544
10647,3774,737800304142471168
5622,1931,737826014890496000
2701,721,738156290900254721
9376,3730,738166403467907072
4608,1323,738184450748633089
3493,932,738402415918125056
5430,1707,738537504001953792
3565,886,738883359779196928
4017,1241,738885046782832640
73086,50670,739238157791694849
7689,3211,739485634323156992
42439,23429,739544079319588864
5738,1808,739606147276148736
4036,930,739844404073074688
4325,1179,739932936087216128
21279,6474,739979191639244800
7144,2148,740214038584557568
3519,932,740359016048689152
2647,478,740365076218183684
37058,14556,740373189193256964
19363,7445,740676976021798912
3027,851,740699697422163968
3641,1019,740711788199743490
6839,3020,740995100998766593
10065,3384,741067306818797568
9366,3531,741303864243200000
3917,914,741438259667034112
8726,3022,741743634094141440
4860,1650,741793263812808706
5495,1703,742150209887731712
4634,1505,742161199639494656
7255,2170,742385895052087300
10514,4157,742423170473463808
7744,4240,742465774154047488
4743,2175,742528092657332225
4095,1494,743210557239623680
6617,2088,743222593470234624
4515,1325,743253157753532416
8444,4042,743510151680958465
3764,1027,743545585370791937
19715,7190,743595368194129920
4791,1506,743609206067040256
3898,1047,743895849529389061
4430,1193,743980027717509120
127821,77059,744234799360020481
7222,2347,744334592493166593
5980,1701,744709971296780288
8409,2952,744971049620602880
3188,691,744995568523612160
7738,2505,745057283344719872
7660,3042,745314880350101504
9181,2676,745422732645535745
7595,2785,745433870967832576
7466,2545,745712589599014916
4328,1166,745789745784041472
3792,901,746056683365994496
7377,2411,746131877086527488
6610,1813,746369468511756288
4961,1183,746507379341139972
6472,1964,746726898085036033
5208,1747,746790600704425984
5666,1886,746818907684614144
6413,2359,746872823977771008
3089,328,746906459439529985
10274,4395,747103485104099331
3625,1007,747204161125646336
5657,1733,747219827526344708
4142,1137,747461612269887489
5956,1739,747512671126323200
3947,1156,747594051852075008
2488,601,747600769478692864
5204,1280,747816857231626240
3012,820,747844099428986880
3166,1091,747885874273214464
7104,2801,747933425676525569
6230,2372,747963614829678593
3937,788,748307329658011649
3978,843,748324050481647620
5600,1362,748346686624440324
2334,737,748568946752774144
6514,2192,748575535303884801
4544,1463,748692773788876800
5086,1760,748699167502000129
2966,1038,748705597323898880
6279,2477,748932637671223296
11529,3753,748977405889503236
3323,860,749036806121881602
5145,1667,749064354620928000
5894,2441,749317047558017024
9244,3813,749395845976588288
2816,601,749403093750648834
6551,1838,749417653287129088
4991,1441,749774190421639168
5498,2699,749981277374128128
3249,888,749996283729883136
3482,1003,750011400160841729
2914,869,750026558547456000
3416,681,750041628174217216
3365,979,750056684286914561
8428,3676,750071704093859840
2333,600,750086836815486976
3268,928,750101899009982464
4634,1429,750117059602808832
3902,1396,750132105863102464
3326,1066,750147208377409536
4876,1254,750383411068534784
14173,4763,750429297815552001
4797,1265,750506206503038976
14216,5571,750719632563142656
5154,1533,750868782890057730
5469,1437,751132876104687617
6780,2019,751205363882532864
13448,6477,751251247299190784
3443,1093,751456908746354688
5420,1398,751538714308972544
4747,1230,751583847268179968
8504,3338,751598357617971201
6245,2160,751830394383790080
5615,1481,751937170840121344
6407,2038,752173152931807232
0,18384,752309394570878976
4109,1218,752334515931054080
7933,3788,752519690950500352
4748,1737,752660715232722944
6464,1778,752682090207055872
7399,1734,752917284578922496
4190,1075,753026973505581056
3672,1151,753294487569522689
8199,2575,753375668877008896
6228,2113,753398408988139520
8523,3936,753420520834629632
6301,2409,753655901052166144
8431,2577,754120377874386944
4039,813,754449512966619136
5704,2145,754482103782404096
2774,574,754747087846248448
7402,2776,754856583969079297
0,8856,754874841593970688
22853,12230,755110668769038337
17727,5940,755206590534418437
7906,3187,755955933503782912
6941,1695,756275833623502848
45882,19315,756288534030475264
4259,1196,756303284449767430
11214,3997,756526248105566208
5467,1461,756651752796094464
7158,2217,756939218950160384
6750,2198,756998049151549440
4868,1572,757354760399941633
6289,1927,757393109802180609
16342,7547,757400162377592832
4685,1170,757596066325864448
0,322,757597904299253760
4899,1233,757611664640446465
4887,1347,757725642876129280
0,8966,757729163776290825
7421,3590,757741869644341248
2928,413,758041019896193024
3694,1197,758355060040593408
5602,2122,758405701903519748
5171,2463,758467244762497024
4118,1094,758474966123810816
6163,1765,758740312047005698
12042,4236,758828659922702336
3825,989,758854675097526272
7027,2232,759047813560868866
15674,4641,759099523532779520
0,1300,759159934323924993
6538,2150,759197388317847553
9176,2723,759447681597108224
5074,1299,759557299618865152
0,23429,759566828574212096
6432,2113,759793422261743616
7244,2196,759846353224826880
15840,6288,759923798737051648
6153,2006,760190180481531904
4244,953,760252756032651264
28885,12700,760290219849637889
8181,4015,760539183865880579
5350,1431,760641137271070720
7119,2126,760656994973933572
4117,1073,760893934457552897
12170,3830,761004547850530816
5745,1715,761227390836215808
4824,1219,761292947749015552
5626,1606,761334018830917632
0,19849,761371037149827077
4452,1301,761599872357261312
53438,32200,761672994376806400
4596,948,761745352076779520
0,4380,761750502866649088
5833,2233,761976711479193600
34523,17308,762035686371364864
5213,1250,762316489655476224
11183,4671,762464539388485633
12193,7230,762471784394268675
13164,4021,762699858130116608
7940,2521,763103485927849985
5845,1644,763183847194451968
13632,4636,763837565564780549
6538,1691,764259802650378240
6922,1959,764857477905154048
12551,3749,765222098633691136
7643,2384,765371061932261376
28451,3761,765395769549590528
5603,1356,765669560888528897
7810,2390,765719909049503744
4035,550,766008592277377025
4622,967,766069199026450432
0,2878,766078092750233600
7320,2092,766313316352462849
6506,1764,766423258543644672
4358,875,766693177336135680
5490,1510,766793450729734144
10921,3169,767122157629476866
13277,4246,767191397493538821
8078,2591,767500508068192258
17327,5995,767754930266464257
5134,1563,767884188863397888
11798,3935,768193404517830656
14711,3811,768473857036525572
5436,1415,768596291618299904
4453,1342,768609597686943744
4543,992,768855141948723200
15604,7267,768970937022709760
5837,1909,769212283578875904
6917,1851,769695466921623552
34029,10730,769940425801170949
8186,2562,770069151037685760
0,3384,770093767776997377
6749,1657,770293558247038976
6796,2291,770414278348247044
7927,1938,770655142660169732
5616,1569,770772759874076672
5368,1363,770787852854652928
0,245,771004394259247104
7442,1838,771014301343748096
6726,1598,771102124360998913
9953,3252,771136648247640064
0,8410,771171053431250945
11402,5685,771380798096281600
8946,2911,771500966810099713
13002,3784,771770456517009408
4336,1029,772102971039580160
2932,525,772114945936949249
4053,815,772117678702071809
4083,1251,772152991789019136
6504,1544,772193107915964416
7012,1888,772581559778025472
0,3749,772615324260794368
8645,2589,772826264096874500
9301,4322,772877495989305348
10811,4580,773191612633579521
10169,3574,773247561583001600
25157,8320,773308824254029826
23892,6872,773547596996571136
5765,1443,773670353721753600
7140,1827,773704687002451968
6926,1926,773922284943896577
11641,4336,773985732834758656
23586,6228,774314403806253056
7274,1944,774639387460112384
9242,1968,774757898236878852
16848,5274,775085132600442880
8063,3331,775364825476165632
14012,5108,775729183532220416
15011,4470,775733305207554048
12708,2995,775842724423557120
0,17273,775898661951791106
1990,169,776088319444877312
12737,4860,776113305656188928
10406,2812,776201521193218049
32542,17825,776218204058357768
9621,3134,776477788987613185
5295,1350,776813020089548800
0,15316,776819012571455488
15526,4831,777189768882946048
9507,2787,777621514455814149
0,4763,777641927919427584
12182,3289,777684233540206592
6898,1835,777885040357281792
7127,1815,778027034220126208
9190,2954,778039087836069888
11262,3698,778286810187399168
6346,1226,778383385161035776
0,13690,778396591732486144
14795,4865,778408200802557953
5048,1130,778624900596654080
6268,1672,778650543019483137
7491,1494,778748913645780993
21764,8152,778990705243029504
16068,5064,779056095788752897
12823,4076,779123168116150273
9591,3484,779377524342161408
20672,7923,779834332596887552
9463,2508,780192070812196864
5740,1190,780459368902959104
0,132,780476555013349377
0,4157,780496263422808064
6843,1943,780543529827336192
13136,3725,780601303617732608
5993,1454,780800785462489090
7814,2232,780858289093574656
23520,8232,780931614150983680
10622,3047,781163403222056960
9171,2352,781251288990355457
22559,6198,781524693396357120
11363,3032,781661882474196992
12066,3767,781955203444699136
0,6993,782021823840026624
18119,6232,782305867769217024
8471,2105,782598640137187329
18762,6034,782722598790725632
8116,1561,782747134529531904
26257,8246,782969140009107456
8849,2482,783085703974514689
31804,13145,783334639985389568
0,6300,783347506784731136
18372,6183,783391753726550016
9209,2528,783466772167098368
11354,3610,783695101801398276
8010,2206,783821107061198850
32735,12128,783839966405230592
6192,1437,784431430411685888
9770,2846,784517518371221505
11042,3611,784826020293709826
13174,5457,785170936622350336
7906,1842,785264754247995392
9926,2257,785533386513321988
8509,2481,785639753186217984
7279,2048,785872687017132033
12379,3538,785927819176054784
0,7923,786036967502913536
16701,5366,786233965241827333
11886,3936,786363235746385920
10244,3480,786595970293370880
11626,2882,786664955043049472
19817,6824,786709082849828864
28952,8988,786963064373534720
8499,1957,787322443945877504
11808,3182,787397959788929025
11120,3119,787717603741622272
9455,3428,787810552592695296
6693,1489,788039637453406209
0,3830,788070120937619456
6706,1459,788150585577050112
7883,2382,788178268662984705
16988,5954,788412144018661376
29912,11571,788765914992902144
29852,13936,788908386943430656
10587,3131,789137962068021249
9936,2907,789268448748703744
12828,3799,789530877013393408
7384,2175,789599242079838210
8208,1995,789628658055020548
10095,2608,789986466051088384
13694,3613,790277117346975746
8529,2099,790337589677002753
22554,8052,790581949425475584
8936,2139,790698755171364864
0,2608,790723298204217344
18104,5284,790946055508652032
10793,2400,790987426131050500
0,4636,791026214425268224
9581,2855,791312159183634433
14322,4620,791406955684368384
12815,3519,791672322847637504
7831,2019,792050063153438720
14722,4818,792394556390137856
8013,1886,792773781206999040
12335,4797,792883833364439040
15649,4516,792913359805018113
13842,4382,793120401413079041
7037,2789,793135492858580992
6733,1922,793150605191548928
10249,3125,793165685325201412
7540,2233,793180763617361921
16666,6319,793195938047070209
9740,3164,793210959003287553
10726,3215,793226087023144960
11483,3693,793241302385262592
21774,9361,793256262322548741
9415,2651,793271401113350145
26858,10340,793286476301799424
11662,2680,793500921481273345
8694,1839,793601777308463104
0,3519,793614319594401792
10038,2109,793845145112371200
18366,5507,793962221541933056
10036,3730,794205286408003585
10424,2973,794332329137291264
0,11571,794355576146903043
11206,2603,794926597468000259
0,3799,794983741416415232
17693,6094,795076730285391872
11023,3224,795400264262053889
54353,26799,795464331001561088
11776,4150,796031486298386433
9217,2597,796080075804475393
9912,2722,796116448414461957
35308,16102,796149749086875649
0,16102,796177847564038144
12017,4677,796387464403357696
8265,1978,796484825502875648
12936,3435,796759840936919040
8362,2134,796865951799083009
21802,7445,797236660651966464
15819,5448,797545162159308800
12711,3527,797971864723324932
11306,2862,798209839306514432
0,3784,798340744599797760
0,2208,798628517273620480
0,2077,798644042770751489
0,4369,798665375516884993
0,6241,798673117451325440
0,5587,798694562394996736
0,7309,798697898615730177
8090,1613,798925684722855936
14349,5039,798933969379225600
8817,2762,799063482566066176
10808,3121,799297110730567681
8763,2145,799422933579902976
9160,2429,799757965289017345
0,5274,799774291445383169
30945,14816,800018252395122689
16674,2878,800141422401830912
12141,3147,800388270626521089
0,4860,800443802682937345
10293,2413,800459316964663297
14315,3382,800513324630806528
11433,3113,800751577355128832
8794,2347,801115127852503040
26713,6701,801167903437357056
6602,934,801285448605831168
8927,2312,801538201127157760
8416,1919,801958328846974976
9873,2923,802239329049477120
6918,1525,802265048156610565
17709,6568,802323869084381190
9741,2819,802572683846291456
0,3289,802624713319034886
9812,2250,802952499103731712
10924,2775,803276597545603072
8437,2083,803380650405482500
11968,4661,803638050916102144
0,8348,803692223237865472
10945,3108,803773340896923648
48557,18210,804026241225523202
0,3611,804413760345620481
14955,4326,804738756058218496
8469,1905,805207613751304193
9544,2839,805487436403003392
6235,1855,805520635690676224
7159,2061,805826884734976000
8987,2133,805932879469572096
0,6034,805958939288408065
6975,1346,806219024703037440
0,13145,806242860592926720
11111,2664,806542213899489280
81831,39248,806629075125202948
14173,4282,807010152071229440
0,8246,807059379405148160
122595,60849,807106840509214720
15861,4133,807621403335917568
13678,3958,808001312164028416
9485,2451,808106460588765185
0,6701,808134635716833280
12273,2911,808501579447930884
8596,2429,808733504066486276
10987,3407,808838249661788160
14369,3936,809084759137812480
21682,6306,809220051211603969
7532,1650,809448704142938112
0,5507,809808892968534016
16843,4366,809920764300447744
15962,3761,810254108431155201
38584,12838,810284430598270976
11916,2955,810657578271330305
9835,2003,810896069567610880
5796,1604,810984652412424192
22724,7181,811386762094317568
13922,3515,811627233043480576
8206,1812,811744202451197953
7893,1580,811985624773361665
14870,4110,812372279581671427
8685,2162,812466873996607488
6605,1373,812503143955202048
7194,1605,812709060537683968
8220,2138,812781120811126785
22754,8205,813051746834595840
8632,2176,813066809284972545
10720,3103,813081950185472002
11423,4050,813096984823349248
11216,3091,813112105746448384
12888,3508,813127251579564032
9128,2642,813142292504645637
8409,2481,813157409116065792
10139,2153,813172488309972993
21547,4893,813187593374461952
9966,2015,813202720496779264
20298,8162,813217897535406080
9061,1973,813800681631023104
39438,15709,813812741911748608
10080,2107,813910438903693312
0,3613,813944609378369540
31194,9742,814153002265309185
9402,2070,814530161257443328
12237,3034,814638523311648768
8285,1446,814986499976527872
11210,4252,815390420867969024
8920,1843,815639385530101762
10670,2536,815736392542261248
24380,9529,815966073409433600
5417,1172,815990720817401858
0,5948,816014286006976512
9677,2405,816091915477250048
9327,2184,816336735214911488
33129,9069,816450570814898180
10621,2454,816697700272001025
10816,2277,816816676327063552
0,5284,816829038950027264
9275,1847,817056546584727552
13158,2925,817120970343411712
9452,2247,817171292965273600
0,9529,817181837579653120
6088,1078,817415592588222464
37147,16779,817423860136083457
12781,3392,817536400337801217
11576,2977,817777686764523521
56182,30288,817827839487737858
13309,2897,818145370475810820
11931,2543,818259473185828864
11826,2769,818536468981415936
0,6872,818588835076603904
10676,2887,818614493328580609
24025,8319,818627210458333184
93410,40892,819004803107983360
48799,21087,819006400881917954
0,21087,819015331746349057
0,40892,819015337530290176
25003,7462,819227688460238848
7811,1341,819347104292290561
10343,2196,819588359383371776
14550,3498,819711362133872643
13918,5403,819924195358416896
5755,1321,819952236453363712
21399,7005,820078625395449857
3602,633,820314633777061888
0,2878,820446719150292993
13199,3593,820690176645140481
34142,11081,820749716845686786
13660,2552,821044531881721856
10386,2374,821107785811234820
9433,2247,821149554670182400
12730,4863,821407182352777218
8653,1963,821522889702862852
9106,1851,821765923262631936
0,3725,821813639212650496
12280,2610,821886076407029760
37858,10974,822244816520155136
30856,16430,822462944365645825
19585,7131,822489057087389700
15938,3296,822610361945911296
0,7131,822647212903690241
14243,2544,822859134160621569
142892,48917,822872901745569793
18675,3824,822975315408461824
0,10974,823269594223824897
16983,4483,823322678127919110
14053,2947,823581115634085888
13551,2689,823699002998870016
11494,3011,823939628516474880
16194,4292,824297048279236611
12682,11543,824325613288833024
10846,1930,824663926340194305
16135,3923,824775126675836928
0,6094,824796380199809024
6851,1431,825026590719483904
19705,5082,825147591692263424
56034,19111,825535076884762624
13708,2761,825829644528148480
11264,2073,825876512159186944
16870,3475,826115272272650244
5242,1040,826204788643753985
14265,2875,826240494070030336
19810,4657,826476773533745153
10831,2599,826598365270007810
39276,11393,826848821049180160
23233,5552,826958653328592898
11375,2485,827199976799354881
17085,3397,827324948884643840
7969,1048,827600520311402496
16604,3327,827653905312006145
21650,5787,827933404142436356
11121,2371,828011680017821696
12634,3168,828046555563323392
13453,3241,828372645993398273
7932,1180,828376505180889089
13551,2459,828381636999917570
8198,1417,828408677031882754
6742,1272,828409743546925057
10213,1490,828650029636317184
39301,12417,828708714936930305
27441,6508,828770345708580865
56875,17966,829011960981237760
26322,8214,829141528400556032
37187,10320,829374341691346946
11230,2247,829449946868879360
34045,11738,829501995190984704
13133,2173,829861396166877184
0,5552,829878982036299777
10534,3338,830097400375152640
71716,18636,830583320585068544
8548,1661,830956169170665475
12772,2265,831262627380748289
12549,2689,831309418084069378
6975,1231,831315979191906304
9829,1681,831322785565769729
9660,2536,831552930092285952
7693,2159,831650051525054464
11187,2000,831670449226514432
29628,7203,831911600680497154
25701,6786,831939777352105988
19131,5148,832032802820481025
0,10730,832040443403784192
0,10340,832215726631055365
12096,2574,832273440279240704
18358,3511,832369877331693569
12788,2458,832397543355072512
16978,3077,832636094638288896
17991,3989,832757312314028032
0,42,832769181346996225
14243,2444,832998151111966721
21604,5336,833124694597443584
15899,2276,833479644947025920
22084,3525,833722901757046785
16388,3780,833826103416520705
14336,2651,833863086058651648
13949,2432,834086379323871233
16832,3996,834167344700198914
22025,5278,834209720923721728
10270,1838,834458053273591808
14638,2787,834574053763584002
22548,6000,834786237630337024
11576,1812,834931633769889797
23983,3327,835152434251116546
27891,6314,835172783151792128
8284,1868,835264098648616962
17488,3283,835297930240217089
18987,3981,835574547218894849
20388,4721,836001077879255040
22664,4698,836260088725786625
17411,3409,844580511645339650
2564,753,697943111201378304
14410,2384,844223788422217728
40943,11233,844704788403113984
15988,3488,844973813909606400
14420,2810,844979544864018432
24645,5845,845306882940190720
8048,1975,845397057150107648
26514,5185,845677943972139009
30933,9476,845812042753855489
16862,3122,846042936437604353
33473,9810,846153765933735936
47138,12562,846514051647705089
21158,4237,846874817362120707
22561,3444,847116187444137987
21044,6325,847157206088847362
21506,4629,847251039262605312
19734,3657,847606175596138505
5770,1453,847842811428974592
24713,5518,847962785489326080
0,463,847971574464610304
17177,3325,848212111729840128
26010,4955,848324959059550208
26476,4651,848690551926992896
44558,9182,849051919805034497
11989,2033,849336543269576704
16644,3375,849412302885593088
31931,8171,849776966551130114
21432,5262,850019790995546112
17098,4101,850145622816686080
13665,2796,850380195714523136
32488,9968,850753642995093505
21606,6135,851224888060895234
25364,7573,851464819735769094
16916,3709,851591660324737024
0,23,851861385021730816
0,10320,851953902622658560
11948,1689,852189679701164033
20868,7284,852226086759018497
34559,10571,852311364735569921
17070,3753,852553447878664193
15544,2291,852672615818899456
9416,1963,852912242202992640
16143,3797,853299958564483072
36264,10797,853639147608842240
29703,6152,853760880890318849
16783,3342,854010172552949760
33129,7953,854120357044912130
19581,4976,854365224396361728
30368,7289,854482394044301312
23629,6463,854732716440526848
30929,8686,855459453768019968
46832,18643,855851453814013952
28509,6648,856282028240666624
12171,1976,856526610513747968
16754,3024,856543823941562368
19459,4197,857029823797047296
20560,4739,857263160327368704
6085,1711,857393404942143489
35187,11111,857746408056729600
16535,2700,857989990357356544
16146,3040,858107933456039936
22069,5059,858471635011153920
15929,3630,858843525470990336
34731,14197,859074603037188101
92224,31563,859196978902773760
19027,1639,859607811541651456
15763,3646,859851578198683649
19990,4266,859924526012018688
17070,6070,860184849394610176
18722,3620,860276583193509888
24142,5484,860524505164394496
7670,2248,860563773140209665
0,849,860924035999428608
17095,3957,861005113778896900
17558,4325,861288531465048066
36812,11106,861383897657036800
76156,24179,862096992088072192
20950,5139,862457590147678208
17416,3660,862722525377298433
19552,5262,862831371563274240
8692,2558,863062471531167744
8928,1136,863079547188785154
24236,5453,863432100342583297
15555,4312,863553081350529029
20966,4277,863907417377173506
30678,9249,864197398364647424
14860,3142,864279568663928832
32833,9001,864873206498414592
28443,7907,865006731092295680
26874,5153,865359393868664832
25974,5769,865718153858494464
53362,14893,866334964761202691
123982,36253,866450705531457537
19591,3586,866686824827068416
32645,8085,867051520902168576
0,131,867072653475098625
16331,2582,867421006826221569
34372,7514,867774946302451713
24408,4279,867900495410671616
10258,2146,868552278524837888
27477,5908,868622495443632128
66224,14848,868880397819494401
20606,3870,869227993411051520
16103,3199,869596645499047938
28448,6454,869702957897576449
42685,10249,869772420881756160
36909,8516,870063196459192321
21935,4228,870308999962521604
83129,26690,870374049280663552
12485,2689,870656317836468226
33794,6322,870804317367881728
22740,3863,871032628920680449
20273,3504,871515927908634625
20312,3520,871762521631449091
38143,11363,871879754684805121
34523,8231,872122724285648897
34291,6409,872261713294495745
40751,9107,872486979161796608
20809,3755,872620804844003328
14730,3727,872820683541237760
27401,5459,872967104147763200
7251,1603,873213775632977920
24235,3981,873580283840344065
34665,10562,874012996292530176
22643,3982,874057562936811520
26046,4146,874296783580663808
27812,4689,874680097055178752
25447,4754,875021211251597312
21892,4962,875144289856114688
25162,4327,875747767867523072
27872,4715,876120275196170240
18729,2418,876484053909872640
20629,3377,876838120628539392
27082,5630,877201837425926144
27309,5199,877316821321428993
22697,3840,877556246731214848
0,81,877611172832227328
79750,19241,877736472329191424
41962,6873,878057613040115712
7740,1298,878281511006478336
19366,4152,878776093423087618
18921,2706,879008229531029506
22537,4734,879050749262655488
16730,3129,879376492567855104
105636,44375,879415818425184262
23349,3196,879492040517615616
22247,3506,879862464715927552
27551,4373,880095782870896641
27002,4249,880221127280381952
28446,6305,880465832366813184
21244,3835,880872448815771648
16967,2788,880935762899988482
23005,5178,881268444196462592
49325,16052,881536004380872706
50428,10723,881666595344535552
24230,3407,881906580714921986
29269,5002,882045870035918850
44860,11661,882268110199369728
27823,6116,882627270321602560
28240,4944,882762694511734784
23892,3938,882992080364220416
37116,6698,883117836046086144
22501,3689,883360690899218434
45831,10005,883482846933004288
21837,3456,883838122936631299
20335,2994,884162670584377345
26910,5667,884441805382717440
24230,4884,884562892145688576
27845,5805,884876753390489601
77325,18519,884925521741709313
21887,4398,885167619883638784
0,18636,885311592912609280
35886,6455,885528943205470208
32594,6837,885984800019947520
27893,6309,886258384151887873
21133,3207,886366144734445568
22342,4482,886680336477933568
12031,3305,886736880519319552
35053,7805,886983233522544640
30445,5982,887101392804085760
33575,10436,887343217045368832
68900,18286,887473957103951883
46110,11707,887517139158093824
30095,5410,887705289381826560
21703,3510,888078434458587136
19838,3595,888554962724278272
25515,4361,888804989199671297
29000,4514,888917238123831296
25223,5439,889278841981685760
15050,2244,889531135344209921
27100,4561,889638837579907072
47977,10095,889665388333682689
27711,4984,889880896479866881
30577,7361,890006608113172480
31851,7441,890240255349198849
27704,4277,890609185150312448
65320,18966,890729181411237888
11812,2080,890971913173991426
20160,3124,891087950875897856
40197,9442,891327558926688256
42049,8683,891689557279858688
24948,4168,891815181378084864
33131,6285,892177421306343426
38676,8554,892420643555336193
3062,1046,692017291282812928
1753,428,692142790915014657
2297,870,692158366030913536
2695,895,692187005137076224
9988,3797,692417313023332352
1971,457,692530551048294401
3406,1482,692535307825213440
4635,1675,692568918515392513
7299,3964,692752401762250755
3070,961,692828166163931137
2429,881,692894228850999298
1912,661,692901601640583168
2601,958,692905862751522816
2852,811,692919143163629568
2001,504,693095443459342336
1833,670,693109034023534592
8427,3500,693155686491000832
3060,800,693231807727280129
2382,547,693262851218264065
3588,1358,693280720173801472
1893,684,693486665285931008
5409,2144,693590843962331137
1646,403,693622659251335168
2618,873,693629975228977152
2716,454,693642232151285760
2878,646,693647888581312512
1845,404,693942351086120961
3614,1130,694001791655137281
3140,1012,694183373896572928
4469,2224,694206574471057408
2143,545,694329668942569472
2172,674,694352839993344000
1609,316,694356675654983680
38094,15763,694669722378485760
2955,1021,694905863685980160
2840,859,695051054296211456
1716,655,695064344191721472
3032,1204,695074328191332352
2811,672,695095422348574720
3893,1606,695314793360662529
9190,3890,695409464418041856
4649,1973,695446424020918272
4880,2298,695629776980148225
1999,813,695767669421768709
3401,849,695794761660297217
3202,1278,695816827381944320
3426,1239,696405997980676096
2715,1129,696488710901260288
2537,709,696713835009417216
1574,388,696754882863349760
2612,778,696877980375769088
5161,1952,696886256886657024
2508,736,696894894812565505
3409,1118,696900204696625153
2689,730,697242256848379904
3226,1265,697255105972801536
3508,1085,697259378236399616
4978,2028,697270446429966336
3641,1505,697463031882764288
2586,740,697482927769255936
2180,551,697575480820686848
3232,1375,697596423848730625
3358,1099,697616773278015490
3225,1293,697881462549430272
3509,1408,697990423684476929
1628,363,697995514407682048
2995,801,698178924120031232
17910,6517,698195409219559425
5067,2190,698262614669991936
2421,1037,698342080612007937
1996,490,698355670425473025
2475,672,698549713696649216
1370,373,698635131305795584
1548,413,698703483621523456
2640,751,698710712454139905
2711,678,698907974262222848
2893,981,698953797952008193
3617,1077,698989035503689728
2784,1300,699036661657767936
3199,1292,699072405256409088
2610,714,699079609774645248
2381,685,699088579889332224
3370,944,699323444782047232
2005,478,699370870310113280
2197,674,699413908797464576
1464,362,699423671849451520
2318,557,699434518667751424
6334,2851,699446877801091073
10946,5003,699691744225525762
2094,665,699775878809702401
2956,1348,699779630832685056
2395,540,699788877217865730
3250,1050,699801817392291840
3531,1468,700002074055016451
2203,634,700029284593901568
2818,756,700062718104104960
8044,3009,700143752053182464
2391,721,700151421916807169
2826,813,700167517596164096
4428,1967,700462010979500032
2431,624,700505138482569216
2809,873,700518061187723268
24402,10241,700747788515020802
2593,1044,700796979434098688
2596,542,700847567345688576
2763,667,700864154249383937
2367,627,700890391244103680
13054,5587,701214700881756160
2828,663,701545186879471618
3000,1021,701570477911896070
2230,500,701601587219795968
3806,1502,701889187134500865
4062,1110,701952816642965504
3673,1077,701981390485725185
5129,1462,702217446468493312
2642,832,702276748847800320
3500,1128,702321140488925184
3059,1049,702539513671897089
11040,3579,702598099714314240
2333,612,702671118226825216
3431,1175,702684942141153280
15707,3228,836380477523124226
13444,2437,836677758902222849
20499,5059,836753516572119041
13571,2513,836989968035819520
17072,2626,837110210464448512
22521,5803,837366284874571778
13642,2532,837471256429613056
4089,484,837482249356513284
36421,8634,837820167694528512
18774,3449,838083903487373313
24074,5274,838476387338051585
11606,1451,838561493054533637
0,37,838916489579200512
11894,2270,838921590096166913
28917,7170,839239871831150596
0,154,839290600511926273
29254,8491,839549326359670784
14266,2510,839990271299457024
20475,6255,840268004936019968
17486,4971,840370681858686976
9536,1918,840632337062862849
13071,1078,840696689258311684
24313,5776,841077006473256960
16847,5131,841314665196081154
13410,4007,841439858740625411
27189,8436,841680585030541313
0,16779,841833993020538882
14852,3288,842115215311396866
25947,6316,842163532590374912
19170,3803,842535590457499648
7149,1389,842765311967449089
16112,3897,842846295480000512
22746,6580,843235543001513987
17878,2979,843604394117681152
22646,5015,843856843873095681
